1567
1563
1571
1568
1560
1569
1564
1572
1568
1585
1575
1564
1576
1570
1559
1580
1569
1572
1552
1561
1564
1571
1568
1566
1565
1571
1550
1580
1568
1572
1587
1571
1582
1583
1564
1595
1574
1572
1571
1574
1568
1564
1577
1568
1590
1578
1562
1571
1564
1580
1568
1588
1567
1574
1562
1566
1571
1571
1564
1571
1560
1571
1568
1560
1585
1575
1573
1577
1577
1572
1570
1569
1572
1562
1575
1559
1584
1574
1563
1564
1567
1572
1575
1572
1578
1571
1574
1574
1572
1567
1564
1567
1564
1567
1564
1571
1577
1571
1575
1568
1575
1571
1561
1580
1566
1573
1567
1576
1568
1569
1555
1560
1575
1561
1583
1569
1561
1564
1571
1583
1566
1572
1575
1569
1572
1559
1576
1568
1572
1567
1571
1570
1560
1568
1572
1566
1563
1567
1566
1580
1566
1575
1568
1563
1567
1586
1579
1580
1569
1578
1568
1571
1564
1567
1569
1579
1571
1578
1579
1571
1568
1577
1564
1570
1571
1572
1572
1566
1572
1575
1575
1559
1603
1592
1561
1577
1574
1567
1556
1566
1575
1576
1560
1578
1571
1576
1575
1564
1568
1563
1571
1574
1583
1579
1582
1572
1571
1567
1571
1567
1577
1566
1575
1574
1567
1555
1573
1566
1568
1569
1574
1580
1564
1580
1569
1574
1575
1572
1560
1561
1580
1571
1573
1560
1574
1568
1573
1563
1569
1564
1567
1581
1572
1568
1580
1574
1575
1568
1574
1567
1572
1564
1552
1580
1574
1568
1569
1568
1575
1583
1569
1560
1551
1573
1575
1570
1580
1574
1560
1584
1582
1567
1583
1573
1567
1575
1571
1577
1563
1563
1579
1576
1558
1567
1571
1572
1558
1575
1583
1574
1567
1578
1564
1569
1571
1576
1576
1562
1571
1576
1571
1568
1578
1567
1561
1568
1567
1569
1578
1564
1567
1576
1576
1564
1558
1580
1567
1568
1568
1570
1572
1569
1573
1571
1568
1567
1571
1575
1571
1575
1569
1574
1553
1563
1567
1561
1557
1569
1567
1562
1575
1575
1593
1567
1579
1568
1558
1567
1587
1560
1562
1581
1569
1571
1567
1561
1569
1582
1571
1574
1574
1564
1565
1574
1570
1568
1569
1567
1567
1567
1574
1577
1571
1566
1569
1575
1578
1573
1571
1576
1565
1571
1577
1567
1560
1566
1567
1571
1566
1560
1576
1571
1580
1580
1565
1580
1571
1568
1565
1568
1569
1571
1581
1571
1563
1569
1584
1559
1564
1567
1567
1574
1565
1567
1561
1571
1566
1572
1567
1575
1576
1566
1570
1574
1572
1564
1583
1575
1569
1567
1569
1574
1567
1572
1565
1571
1567
1569
1567
1568
1575
1574
1562
1567
1567
1565
1577
1573
1566
1568
1567
1569
1569
1565
1566
1567
1569
1573
1561
1563
1571
1571
1568
1579
1568
1577
1580
1567
1582
1572
1568
1571
1569
1576
1560
1556
1558
1580
1580
1573
1567
1572
1563
1585
1575
1566
1573
1575
1570
1584
1576
1564
1569
1573
1566
1577
1561
1572
1567
1570
1565
1577
1572
1582
1575
1568
1569
1572
1571
1556
1568
1569
1578
1564
1566
1565
1571
1571
1567
1574
1580
1569
1567
1565
1575
1560
1570
1580
1558
1580
1570
1570
1566
1582
1567
1565
1572
1570
1568
1566
1572
1579
1581
1575
1581
1569
1576
1574
1567
1564
1569
1594
1584
1560
1576
1571
1576
1580
1575
1560
1567
1564
1579
1580
1571
1567
1575
1572
1569
1568
1574
1580
1571
1571
1566
1566
1565
1575
1567
1563
1566
1563
1571
1572
1571
1564
1573
1578
1563
1574
1571
1571
1570
1560
1566
1571
1571
1571
1575
1567
1569
1570
1580
1572
1566
1566
1580
1580
1575
1572
1565
1564
1567
1572
1584
1569
1565
1577
1580
1571
1571
1556
1560
1567
1571
1566
1548
1549
1566
1565
1579
1577
1567
1577
1558
1564
1566
1570
1560
1576
1567
1570
1576
1576
1564
1573
1563
1586
1575
1570
1564
1556
1567
1564
1561
1578
1564
1553
1575
1571
1564
1574
1569
1574
1569
1567
1579
1571
1564
1562
1564
1580
1574
1555
1561
1571
1571
1561
1568
1564
1566
1579
1572
1562
1576
1567
1577
1561
1571
1572
1567
1571
1564
1583
1575
1574
1580
1577
1582
1575
1567
1544
1547
1582
1576
1575
1560
1571
1564
1568
1559
1560
1567
1572
1571
1568
1577
1575
1565
1574
1572
1570
1574
1570
1567
1559
1568
1575
1573
1568
1568
1572
1579
1572
1571
1563
1569
1568
1564
1563
1582
1568
1564
1563
1570
1560
1563
1570
1568
1577
1571
1577
1564
1569
1559
1575
1579
1574
1576
1565
1567
1571
1568
1565
1577
1575
1570
1568
1583
1579
1571
1553
1548
1551
1549
1590
1571
1577
1555
1588
1571
1572
1566
1567
1580
1560
1575
1568
1564
1569
1569
1576
1571
1579
1566
1567
1580
1570
1566
1568
1558
1571
1575
1567
1564
1577
1563
1577
1575
1572
1564
1564
1573
1585
1567
1571
1577
1574
1571
1560
1562
1558
1563
1578
1569
1569
1569
1584
1570
1566
1566
1567
1579
1574
1564
1557
1566
1569
1563
1572
1575
1578
1563
1580
1564
1572
1571
1569
1570
1564
1573
1568
1568
1571
1567
1560
1578
1564
1572
1571
1568
1556
1571
1590
1571
1561
1571
1591
1569
1567
1569
1587
1568
1568
1566
1567
1561
1567
1560
1568
1564
1571
1575
1580
1571
1575
1564
1570
1563
1563
1585
1576
1559
1572
1575
1571
1576
1571
1563
1567
1564
1571
1569
1568
1576
1567
1568
1562
1570
1577
1571
1565
1567
1572
1584
1558
1573
1571
1571
1571
1569
1569
1573
1563
1571
1571
1567
1576
1569
1572
1568
1555
1547
1565
1567
1568
1568
1567
1597
1574
1566
1572
1571
1572
1569
1564
1575
1571
1575
1568
1571
1571
1570
1567
1582
1569
1566
1562
1575
1575
1565
1560
1572
1571
1560
1564
1574
1575
1583
1570
1561
1568
1569
1580
1566
1564
1573
1587
1572
1569
1567
1571
1569
1569
1563
1563
1575
1567
1565
1560
1580
1572
1572
1579
1567
1562
1563
1585
1579
1575
1561
1574
1567
1585
1572
1575
1561
1566
1575
1580
1572
1567
1576
1564
1574
1576
1571
1564
1576
1571
1581
1567
1568
1576
1569
1582
1566
1576
1594
1568
1560
1571
1571
1577
1570
1576
1570
1563
1564
1567
1587
1572
1570
1573
1571
1569
1560
1567
1571
1568
1574
1564
1576
1568
1576
1572
1564
1571
1563
1555
1567
1569
1564
1574
1574
1568
1567
1563
1564
1570
1577
1583
1569
1566
1567
1571
1576
1577
1572
1572
1559
1565
1567
1577
1567
1572
1575
1569
1571
1560
1561
1568
1568
1571
1574
1558
1568
1573
1584
1571
1568
1571
1570
1567
1571
1581
1575
1571
1570
1571
1560
1581
1573
1571
1568
1564
1563
1563
1562
1558
1584
1569
1572
1570
1563
1562
1580
1556
1568
1567
1571
1575
1568
1586
1567
1570
1575
1571
1569
1564
1571
1571
1569
1557
1574
1575
1584
1574
1579
1567
1569
1564
1559
1583
1576
1563
1566
1571
1564
1568
1567
1572
1568
1571
1574
1569
1569
1569
1566
1574
1575
1575
1560
1568
1577
1576
1561
1577
1574
1568
1566
1567
1567
1577
1570
1571
1575
1568
1567
1577
1566
1572
1574
1571
1568
1564
1575
1574
1564
1569
1569
1572
1563
1571
1572
1585
1571
1568
1588
1572
1574
1575
1550
1567
1574
1588
1572
1573
1561
1575
1569
1570
1574
1576
1555
1562
1571
1568
1580
1577
1575
1564
1569
1562
1568
1571
1574
1575
1574
1570
1568
1568
1571
1571
1572
1568
1570
1560
1564
1566
1564
1571
1568
1573
1575
1563
1564
1563
1576
1568
1572
1562
1568
1566
1569
1567
1569
1567
1576
1583
1564
1571
1560
1591
1559
1559
1564
1572
1601
1571
1593
1568
1582
1582
1561
1568
1572
1581
1566
1568
1587
1572
1569
1578
1572
1566
1559
1563
1573
1577
1575
1570
1576
1566
1572
1577
1568
1580
1563
1583
1564
1569
1579
1580
1573
1573
1567
1572
1567
1575
1564
1568
1571
1568
1559
1575
1573
1579
1571
1564
1572
1587
1572
1576
1559
1575
1564
1573
1575
1564
1568
1569
1580
1575
1554
1572
1575
1571
1573
1571
1576
1579
1563
1576
1563
1572
1578
1555
1582
1570
1568
1574
1571
1563
1576
1576
1579
1572
1567
1575
1567
1575
1567
1569
1561
1569
1575
1560
1579
1568
1564
1567
1564
1574
1564
1567
1572
1566
1567
1561
1562
1564
1588
1575
1575
1572
1564
1571
1572
1564
1563
1572
1583
1579
1571
1568
1569
1566
1572
1574
1562
1567
1571
1575
1564
1572
1568
1567
1574
1575
1572
1567
1564
1574
1579
1575
1572
1562
1567
1562
1574
1586
1567
1564
1575
1584
1578
1552
1564
1567
1567
1572
1574
1581
1582
1569
1568
1563
1573
1570
1579
1575
1564
1555
1575
1567
1571
1596
1564
1567
1562
1576
1564
1577
1564
1576
1557
1571
1569
1572
1569
1564
1569
1567
1580
1589
1566
1577
1567
1568
1560
1572
1564
1574
1563
1584
1567
1566
1575
1568
1583
1563
1568
1569
1579
1567
1571
1572
1568
1567
1563
1564
1564
1575
1567
1567
1572
1572
1575
1569
1563
1571
1568
1580
1570
1560
1577
1568
1568
1559
1569
1571
1583
1576
1571
1571
1574
1569
1572
1574
1572
1566
1592
1572
1569
1591
1565
1575
1565
1548
1569
1575
1585
1571
1576
1571
1565
1568
1566
1566
1571
1567
1578
1569
1571
1570
1576
1567
1575
1570
1567
1565
1572
1569
1574
1574
1563
1569
1564
1570
1574
1567
1567
1570
1582
1571
1571
1562
1567
1576
1569
1580
1567
1564
1567
1569
1574
1575
1569
1560
1575
1568
1564
1568
1575
1569
1570
1568
1565
1577
1569
1574
1571
1573
1568
1569
1563
1575
1571
1569
1563
1583
1560
1575
1574
1571
1571
1560
1569
1578
1586
1576
1571
1536
1551
1569
1558
1571
1566
1568
1576
1574
1569
1568
1567
1560
1557
1569
1580
1568
1573
1576
1581
1575
1582
1567
1575
1567
1571
1574
1576
1567
1570
1575
1572
1573
1574
1567
1579
1568
1569
1574
1588
1567
1563
1571
1571
1574
1573
1566
1572
1581
1587
1568
1564
1574
1570
1564
1576
1577
1568
1568
1575
1587
1564
1577
1565
1572
1561
1577
1567
1575
1585
1574
1573
1569
1569
1567
1588
1569
1575
1569
1558
1580
1567
1571
1577
1561
1571
1574
1563
1571
1572
1568
1562
1569
1575
1584
1574
1564
1567
1570
1571
1567
1567
1561
1555
1565
1561
1569
1575
1580
1571
1582
1560
1572
1564
1575
1568
1569
1574
1571
1567
1569
1568
1580
1568
1569
1572
1575
1579
1566
1569
1572
1563
1569
1571
1562
1575
1569
1578
1572
1582
1559
1573
1574
1569
1574
1582
1567
1571
1567
1571
1564
1569
1573
1587
1584
1574
1577
1578
1567
1570
1560
1570
1569
1557
1548
1571
1562
1579
1563
1574
1562
1575
1560
1579
1575
1555
1565
1572
1577
1571
1575
1560
1574
1571
1576
1580
1560
1574
1569
1584
1575
1563
1575
1569
1580
1583
1569
1564
1579
1564
1567
1569
1567
1572
1578
1565
1564
1572
1576
1569
1565
1574
1576
1551
1571
1580
1579
1568
1565
1579
1571
1577
1574
1568
1566
1575
1576
1572
1571
1574
1571
1575
1575
1567
1574
1561
1599
1581
1554
1566
1580
1567
1570
1567
1566
1566
1569
1580
1563
1572
1571
1568
1578
1567
1569
1570
1572
1564
1576
1576
1577
1571
1571
1582
1573
1571
1574
1571
1575
1571
1574
1565
1581
1580
1569
1567
1567
1569
1576
1571
1574
1569
1579
1569
1573
1571
1564
1567
1567
1570
1567
1561
1566
1585
1569
1566
1582
1572
1571
1569
1569
1573
1574
1558
1567
1570
1567
1564
1564
1569
1571
1570
1568
1576
1569
1570
1564
1566
1572
1571
1571
1566
1587
1572
1575
1572
1572
1563
1593
1607
1569
1562
1564
1579
1580
1584
1575
1564
1563
1566
1568
1568
1580
1567
1573
1581
1573
1559
1554
1576
1567
1571
1571
1576
1575
1571
1568
1578
1572
1572
1582
1569
1564
1572
1574
1566
1567
1568
1571
1569
1561
1575
1568
1571
1572
1568
1564
1586
1555
1572
1575
1555
1580
1571
1570
1574
1571
