2259
2254
2255
2259
2259
2262
2252
2255
2257
2249
2262
2264
2256
2262
2254
2255
2257
2254
2259
2284
2260
2256
2256
2264
2258
2250
2258
2251
2259
2256
2252
2259
2247
2258
2262
2256
2259
2258
2252
2249
2257
2252
2252
2252
2256
2259
2259
2259
2254
2259
2259
2256
2252
2255
2257
2254
2259
2262
2251
2257
2265
2248
2262
2260
2264
2254
2255
2258
2254
2263
2264
2255
2260
2259
2257
2254
2260
2258
2260
2264
2264
2256
2261
2256
2248
2256
2256
2260
2261
2247
2254
2253
2251
2252
2255
2256
2252
2252
2256
2254
2259
2254
2257
2261
2255
2256
2264
2259
2256
2254
2257
2258
2263
2258
2255
2258
2256
2254
2256
2260
2256
2252
2255
2263
2256
2256
2252
2268
2251
2255
2273
2260
2243
2256
2263
2267
2259
2263
2262
2260
2263
2258
2259
2260
2264
2252
2257
2258
2257
2256
2257
2259
2259
2255
2256
2251
2256
2257
2260
2255
2260
2260
2255
2249
2252
2257
2255
2248
2254
2259
2271
2255
2257
2259
2263
2251
2254
2254
2258
2257
2252
2255
2259
2256
2251
2269
2265
2255
2254
2256
2259
2264
2257
2262
2255
2255
2255
2252
2259
2255
2263
2259
2247
2256
2252
2262
2259
2255
2259
2260
2258
2257
2252
2262
2257
2253
2252
2258
2257
2260
2255
2249
2252
2257
2259
2254
2256
2257
2259
2257
2266
2251
2258
2256
2262
2260
2263
2271
2264
2237
2246
2264
2263
2255
2260
2260
2254
2256
2262
2257
2263
2255
2273
2256
2260
2260
2255
2255
2257
2265
2259
2259
2252
2252
2245
2255
2255
2260
2269
2260
2248
2263
2256
2254
2256
2252
2254
2252
2260
2252
2256
2260
2265
2259
2259
2243
2254
2257
2256
2257
2255
2259
2249
2251
2254
2261
2256
2253
2256
2255
2257
2259
2265
2256
2260
2255
2262
2256
2268
2254
2259
2255
2262
2259
2258
2251
2253
2253
2257
2257
2253
2254
2247
2247
2257
2261
2255
2265
2262
2258
2251
2263
2254
2251
2257
2256
2254
2252
2259
2259
2255
2250
2259
2263
2255
2246
2258
2251
2253
2259
2235
2260
2249
2262
2257
2249
2255
2255
2268
2259
2266
2267
2254
2255
2257
2251
2259
2262
2262
2260
2255
2274
2262
2252
2252
2256
2263
2262
2256
2257
2254
2260
2253
2259
2251
2256
2270
2252
2262
2254
2261
2252
2259
2255
2260
2255
2262
2253
2240
2248
2257
2259
2258
2251
2255
2251
2264
2259
2257
2253
2263
2251
2260
2252
2267
2257
2257
2264
2257
2260
2256
2261
2257
2256
2264
2249
2254
2265
2266
2258
2258
2254
2250
2252
2258
2256
2259
2264
2255
2252
2260
2264
2254
2254
2252
2255
2261
2258
2255
2257
2260
2249
2243
2254
2275
2263
2250
2260
2258
2258
2255
2255
2254
2255
2260
2253
2252
2260
2250
2263
2254
2251
2259
2260
2264
2259
2252
2263
2252
2256
2265
2255
2246
2255
2255
2254
2259
2255
2262
2250
2255
2255
2263
2254
2253
2253
2250
2252
2255
2252
2256
2265
2259
2259
2253
2255
2270
2240
2257
2265
2258
2260
2263
2252
2257
2254
2254
2248
2255
2261
2255
2257
2246
2248
2264
2253
2259
2252
2259
2252
2264
2259
2255
2257
2255
2256
2261
2256
2259
2263
2256
2249
2255
2255
2262
2257
2247
2252
2263
2248
2257
2262
2259
2252
2257
2256
2255
2260
2248
2259
2259
2259
2256
2260
2267
2260
2249
2264
2252
2252
2256
2255
2264
2262
2262
2252
2259
2251
2249
2255
2256
2257
2256
2261
2255
2263
2252
2252
2250
2253
2254
2257
2256
2257
2260
2254
2257
2249
2255
2252
2259
2257
2255
2264
2255
2255
2255
2255
2259
2257
2267
2256
2260
2255
2259
2255
2256
2262
2256
2258
2259
2255
2256
2255
2255
2256
2265
2255
2255
2257
2254
2257
2263
2254
2247
2264
2247
2263
2256
2255
2264
2258
2262
2249
2255
2252
2268
2252
2257
2259
2252
2263
2256
2265
2248
2254
2255
2258
2257
2255
2251
2247
2255
2255
2257
2259
2254
2260
2257
2255
2252
2262
2257
2257
2259
2252
2252
2254
2256
2256
2259
2256
2252
2255
2262
2255
2275
2264
2252
2254
2258
2264
2257
2259
2257
2260
2255
2259
2257
2251
2260
2254
2259
2255
2263
2256
2254
2247
2260
2259
2262
2260
2256
2251
2259
2263
2259
2243
2255
2257
2247
2260
2253
2256
2247
2255
2260
2248
2248
2255
2255
2254
2256
2257
2259
2252
2259
2257
2251
2241
2256
2249
2262
2247
2260
2257
2253
2248
2256
2256
2252
2260
2255
2259
2262
2259
2253
2259
2255
2250
2259
2259
2264
2257
2255
2261
2259
2260
2251
2251
2251
2252
2255
2252
2249
2262
2254
2255
2264
2257
2257
2257
2250
2263
2254
2263
2252
2252
2262
2256
2256
2255
2268
2248
2259
2264
2255
2259
2242
2255
2263
2249
2255
2256
2267
2255
2256
2262
2259
2258
2249
2259
2247
2255
2256
2264
2267
2254
2254
2249
2252
2254
2256
2256
2257
2240
2255
2256
2248
2259
2261
2264
2253
2262
2257
2259
2255
2253
2260
2255
2265
2256
2259
2252
2257
2255
2252
2262
2262
2261
2262
2249
2260
2264
2260
2256
2252
2257
2255
2260
2252
2259
2256
2256
2248
2254
2259
2251
2251
2257
2261
2253
2256
2257
2254
2258
2252
2253
2256
2264
2263
2256
2263
2257
2255
2260
2252
2254
2259
2252
2251
2257
2257
2259
2264
2258
2257
2252
2257
2257
2255
2258
2247
2255
2275
2260
2256
2262
2255
2251
2257
2259
2252
2255
2267
2248
2255
2255
2251
2252
2255
2257
2254
2255
2244
2243
2253
2251
2259
2252
2252
2260
2259
2257
2264
2256
2259
2264
2255
2255
2243
2255
2252
2263
2253
2258
2259
2251
2256
2262
2252
2257
2239
2251
2255
2270
2273
2255
2272
2241
2255
2261
2251
2247
2255
2260
2260
2249
2256
2249
2255
2260
2252
2263
2259
2255
2253
2260
2255
2264
2255
2252
2255
2247
2250
2259
2259
2255
2257
2255
2256
2253
2253
2262
2260
2250
2249
2254
2255
2254
2247
2249
2255
2252
2254
2252
2259
2260
2259
2256
2255
2254
2254
2259
2272
2259
2275
2255
2263
2248
2249
2254
2251
2244
2249
2252
2263
2260
2248
2254
2252
2254
2261
2251
2261
2259
2259
2259
2254
2257
2252
2254
2251
2256
2259
2257
2255
2251
2255
2268
2254
2252
2255
2248
2263
2254
2252
2264
2266
2252
2258
2257
2260
2248
2260
2257
2262
2255
2247
2252
2253
2257
2254
2254
2259
2252
2251
2264
2254
2248
2257
2249
2250
2268
2260
2252
2252
2253
2248
2255
2252
2251
2263
2267
2267
2255
2256
2258
2255
2256
2251
2259
2252
2255
2252
2256
2253
2257
2252
2259
2263
2247
2254
2255
2248
2259
2247
2255
2261
2253
2247
2254
2256
2257
2254
2255
2248
2243
2260
2246
2247
2252
2255
2267
2253
2251
2263
2260
2255
2253
2251
2263
2255
2253
2259
2252
2252
2259
2261
2255
2252
2254
2256
2251
2255
2252
2249
2254
2252
2259
2255
2254
2247
2257
2257
2256
2258
2259
2248
2267
2263
2252
2252
2251
2247
2252
2250
2248
2268
2260
2248
2253
2255
2254
2257
2251
2247
2252
2278
2240
2247
2247
2256
2255
2252
2259
2253
2255
2252
2252
2252
2256
2249
2255
2252
2255
2249
2259
2249
2255
2255
2253
2258
2252
2252
2253
2252
2256
2247
2261
2259
2259
2252
2255
2259
2254
2259
2246
2252
2249
2255
2248
2253
2251
2254
2255
2251
2252
2244
2256
2251
2259
2254
2261
2246
2251
2256
2259
2254
2252
2256
2253
2262
2255
2256
2253
2252
2251
2254
2255
2259
2264
2256
2259
2262
2250
2254
2257
2258
2253
2255
2259
2254
2252
2254
2253
2255
2258
2255
2252
2256
2254
2254
2256
2263
2257
2248
2250
2255
2254
2275
2264
2252
2248
2261
2247
2256
2252
2260
2263
2264
2255
2257
2256
2255
2256
2245
2243
2254
2252
2257
2251
2244
2256
2253
2254
2255
2254
2250
2253
2252
2253
2256
2252
2259
2255
2254
2256
2252
2251
2257
2252
2255
2263
2248
2260
2252
2262
2259
2254
2262
2255
2252
2260
2256
2262
2255
2248
2247
2259
2254
2252
2249
2257
2259
2257
2257
2254
2255
2264
2252
2257
2252
2254
2249
2251
2251
2260
2255
2255
2258
2260
2255
2259
2247
2244
2259
2251
2249
2249
2248
2262
2262
2259
2262
2252
2271
2242
2259
2257
2255
2256
2249
2257
2264
2250
2255
2252
2253
2258
2248
2257
2261
2251
2252
2259
2246
2257
2254
2254
2252
2257
2257
2253
2251
2249
2258
2260
2260
2256
2262
2259
2259
2256
2257
2250
2255
2249
2259
2263
2252
2251
2263
2254
2262
2262
2254
2249
2252
2260
2259
2252
2255
2240
2259
2254
2254
2253
2255
2256
2259
2255
2252
2263
2268
2256
2255
2253
2250
2247
2255
2251
2260
2256
2252
2260
2259
2254
2259
2256
2255
2257
2255
2256
2260
2252
2259
2253
2254
2255
2256
2256
2248
2255
2252
2249
2252
2251
2256
2252
2254
2260
2248
2255
2262
2255
2255
2251
2253
2268
2255
2250
2244
2260
2254
2258
2254
2252
2252
2265
2253
2252
2249
2258
2255
2258
2256
2254
2246
2251
2260
2255
2252
2256
2252
2284
2211
2264
2258
2255
2250
2261
2252
2250
2252
2255
2252
2256
2252
2252
2269
2259
2256
2246
2254
2252
2258
2255
2254
2256
2259
2254
2255
2259
2255
2248
2263
2255
2249
2253
2252
2253
2257
2254
2251
2263
2253
2255
2244
2247
2254
2251
2262
2256
2243
2249
2259
2255
2255
2263
2262
2249
2255
2272
2254
2250
2257
2251
2256
2254
2257
2252
2258
2255
2248
2257
2252
2252
2255
2255
2253
2260
2258
2264
2261
2254
2254
2248
2265
2256
2249
2254
2252
2258
2256
2252
2255
2260
2256
2253
2259
2252
2256
2255
2255
2264
2243
2247
2252
2249
2259
2261
2261
2243
2257
2247
2246
2259
2251
2257
2259
2252
2254
2252
2251
2251
2248
2249
2249
2250
2252
2263
2254
2244
2244
2241
2252
2255
2254
2257
2251
2248
2259
2257
2255
2259
2259
2252
2255
2259
2251
2255
2255
2253
2247
2251
2254
2251
2261
2252
2252
2263
2252
2252
2255
2252
2251
2256
2249
2248
2255
2252
2252
2256
2254
2259
2250
2255
2264
2252
2258
2255
2252
2255
2252
2251
2255
2259
2257
2252
2252
2270
2246
2252
2252
2251
2255
2257
2235
2253
2255
2256
2257
2255
2262
2252
2252
2259
2252
2256
2252
2253
2256
2249
2262
2259
2251
2259
2243
2253
2255
2254
2251
2258
2256
2251
2247
2246
2255
2253
2256
2252
2253
2248
2257
2254
2256
2265
2249
2257
2257
2251
2255
2255
2259
2254
2243
2248
2252
2255
2253
2255
2254
2273
2241
2252
2259
2254
2259
2257
2258
2247
2255
2256
2259
2262
2251
2251
2255
2247
2256
2250
2257
2247
2260
2247
2261
2259
2252
2250
2257
2263
2249
2255
2254
2252
2256
2254
2253
2255
2254
2249
2247
2246
2254
2248
2244
2247
2261
2252
2255
2252
2252
2256
2248
2255
2255
2252
2277
2267
2256
2246
2252
2254
2244
2247
2253
2253
2245
2255
2256
2255
2259
2250
2255
2264
2258
2260
2251
2254
2257
2252
2252
2256
2252
2259
2257
2253
2255
2260
2252
2250
2254
2259
2259
2254
2261
2260
2259
2256
2259
2255
2259
2259
2251
2255
2252
2254
2251
2254
2262
2253
2259
2254
2252
2256
2263
2255
2251
2252
2255
2248
2259
2252
2254
2253
2258
2251
2255
2255
2252
2250
2254
2254
2256
2255
2259
2249
2255
2252
2259
2255
2251
2254
2252
2254
2253
2252
2246
2252
2251
2257
2249
2259
2252
2256
2248
2253
2252
2253
2263
2254
2257
2258
2252
2248
2254
2253
2251
2254
2249
2264
2260
2258
2251
2247
2255
2249
2247
2254
2243
2249
2255
2259
2256
2260
2256
2256
2259
2256
2248
2253
2249
2248
2255
2252
2246
2255
2257
2251
2257
2254
2257
2247
2257
2257
2259
2256
2255
2264
2255
2257
2259
2252
2255
2244
2257
2260
2259
2244
2249
2249
2255
2249
2252
2257
2261
2256
2258
2256
